0 0.3240270727580372 0.04247311827956989 0.2571912013536379 0.06989247311827956
0 0.32445008460236885 0.21505376344086022 0.25972927241962773 0.07311827956989247
0 0.32741116751269034 0.3903225806451613 0.2639593908629442 0.06666666666666667
0 0.32614213197969544 0.5618279569892473 0.26480541455160744 0.07634408602150537
0 0.32741116751269034 0.7354838709677419 0.26057529610829105 0.07311827956989247
0 0.32825719120135366 0.921505376344086 0.25888324873096447 0.08172043010752689
0 0.6971235194585449 0.9118279569892473 0.2571912013536379 0.07741935483870968
0 0.699238578680203 0.7295698924731183 0.2614213197969543 0.07849462365591398
0 0.6975465313028765 0.5623655913978495 0.2580372250423012 0.06881720430107527
0 0.699238578680203 0.39086021505376345 0.25972927241962773 0.06989247311827956
0 0.6958544839255499 0.21451612903225806 0.2614213197969543 0.07419354838709677
0 0.6996615905245347 0.046236559139784944 0.2622673434856176 0.07311827956989247
