0 0.7522889114954222 0.08854166666666667 0.44659206510681587 0.09791666666666667
0 0.7487283825025433 0.20052083333333334 0.43947100712105797 0.084375
0 0.7461851475076297 0.375 0.4303153611393693 0.09166666666666666
0 0.7416073245167853 0.4739583333333333 0.4231943031536114 0.09375
0 0.7400813835198372 0.6109375 0.41810783316378436 0.096875
0 0.7365208545269583 0.7078125 0.4069175991861648 0.08854166666666667
0 0.7238046795523907 0.8520833333333333 0.40183112919633773 0.08333333333333333
0 0.7222787385554426 0.9411458333333333 0.392675483214649 0.08020833333333334
0 0.2461851475076297 0.853125 0.4008138351983723 0.075
0 0.2461851475076297 0.9359375 0.3987792472024415 0.071875
