0 0.26486697965571204 0.07627118644067797 0.2871674491392801 0.1228813559322034
0 0.2719092331768388 0.2574152542372881 0.30125195618153366 0.1673728813559322
0 0.2715179968701095 0.4459745762711864 0.3208137715179969 0.15889830508474576
0 0.2742566510172144 0.6546610169491526 0.33411580594679186 0.1864406779661017
0 0.2773865414710485 0.885593220338983 0.3435054773082942 0.19915254237288135
0 0.764866979655712 0.8898305084745762 0.3435054773082942 0.19491525423728814
0 0.7601721439749609 0.659957627118644 0.33255086071987483 0.17584745762711865
0 0.7656494522691706 0.4438559322033898 0.31846635367762127 0.1673728813559322
0 0.7636932707355243 0.2478813559322034 0.3129890453834116 0.1694915254237288
0 0.7640845070422535 0.07415254237288135 0.3028169014084507 0.1483050847457627
